4.022739577693557056e-02
0.000000000000000000e+00
4.022739577693557056e-02
0.000000000000000000e+00
1.432051976177585277e-02
1.432051976177585277e-02
1.432051976177585277e-02
1.432051976177585277e-02
8.644648980328460339e-03
1.108103230463815259e-02
8.644648980328460339e-03
1.108103230463815259e-02
2.284786139685977477e-02
2.284786139685977477e-02
1.894964807796426648e-02
2.284786139685977477e-02
1.792095289658906382e-02
7.525717379534379962e-03
1.792095289658906382e-02
7.525717379534379962e-03
1.537628586897671866e-02
1.537628586897671866e-02
1.537628586897671866e-02
1.537628586897671866e-02
8.644648980328460339e-03
8.644648980328460339e-03
8.644648980328460339e-03
8.644648980328460339e-03
1.676592672802743392e-02
1.676592672802743392e-02
1.676592672802743392e-02
1.676592672802743392e-02
3.876556578234975625e-02
2.079047103410936598e-02
3.876556578234975625e-02
2.079047103410936598e-02
1.277747698971304878e-02
1.277747698971304878e-02
1.277747698971304878e-02
1.277747698971304878e-02
2.046561992420140724e-02
2.046561992420140724e-02
2.046561992420140724e-02
2.046561992420140724e-02
1.445587439090416891e-02
1.445587439090416891e-02
1.445587439090416891e-02
1.445587439090416891e-02
3.291824580400649902e-02
3.291824580400649902e-02
1.108103230463815259e-02
1.108103230463815259e-02
1.108103230463815259e-02
1.108103230463815259e-02
9.637249593936112607e-03
1.721710882512181989e-02
9.637249593936112607e-03
1.676592672802743392e-02
1.559285327558202448e-02
1.676592672802743392e-02
1.559285327558202448e-02
