1.639344262295082053e-02
1.639344262295082053e-02
1.639344262295082053e-02
1.639344262295082053e-02
1.639344262295082053e-02
1.639344262295082053e-02
1.639344262295082053e-02
1.639344262295082053e-02
1.639344262295082053e-02
1.639344262295082053e-02
1.639344262295082053e-02
1.639344262295082053e-02
1.639344262295082053e-02
1.639344262295082053e-02
1.639344262295082053e-02
1.639344262295082053e-02
1.639344262295082053e-02
1.639344262295082053e-02
1.639344262295082053e-02
1.639344262295082053e-02
1.639344262295082053e-02
1.639344262295082053e-02
1.639344262295082053e-02
1.639344262295082053e-02
1.639344262295082053e-02
1.639344262295082053e-02
1.639344262295082053e-02
1.639344262295082053e-02
1.639344262295082053e-02
1.639344262295082053e-02
1.639344262295082053e-02
1.639344262295082053e-02
1.639344262295082053e-02
1.639344262295082053e-02
1.639344262295082053e-02
1.639344262295082053e-02
1.639344262295082053e-02
1.639344262295082053e-02
1.639344262295082053e-02
1.639344262295082053e-02
1.639344262295082053e-02
1.639344262295082053e-02
1.639344262295082053e-02
1.639344262295082053e-02
1.639344262295082053e-02
1.639344262295082053e-02
1.639344262295082053e-02
1.639344262295082053e-02
1.639344262295082053e-02
1.639344262295082053e-02
1.639344262295082053e-02
1.639344262295082053e-02
1.639344262295082053e-02
1.639344262295082053e-02
1.639344262295082053e-02
1.639344262295082053e-02
1.639344262295082053e-02
1.639344262295082053e-02
1.639344262295082053e-02
1.639344262295082053e-02
1.639344262295082053e-02
