numaa	col	hyphy	derived
6	134	1.64499	0.380501496855
3	574	0.0037199	0.211721910249
4	576	5.97975	0.151113776346
4	593	2.06007	0.30055301558
5	607	0.876414	0.32133429921
5	610	0.284718	0.272871410053
4	612	0.00704899	0.0941079223311
5	613	0.333658	0.105920303656
6	616	0.130152	0.120346409937
5	617	0.433878	0.133462884595
4	618	0.0270982	0.0807908636116
5	167	0.242	0.0923428790882
3	620	142.613	0.131956391997
5	636	0.0242179	0.112711915684
5	637	0.198386	0.339170836625
3	638	0.0017626	0.0928081285507
3	641	0.883949	0.127807080829
4	645	0.0031546	0.0342982173193
3	649	0.359544	0.118911674306
4	652	0.00206583	0.0888187280437
3	653	5.76004	0.0399080336746
3	655	3.00625	0.277606920386
4	168	0.126917	0.0268705475152
3	656	1.1934	0.231337015803
5	659	0.623947	0.0638438418577
5	664	0.000711731	0.195539757343
4	169	1.50793	0.265679375334
3	172	0.876027	0.294930879432
7	175	0.805026	0.249993139239
3	179	2.10321	0.166407810237
4	182	0.365882	0.120690694104
3	183	0.643568	0.352222137742
4	185	0.404321	0.112763777895
5	186	0.0433228	0.0467884250243
5	155	1.99993	0.347519069056
5	188	2.13613	0.196943220247
4	200	1.23015	0.110472431325
3	207	2.75026	0.180810540281
3	208	1.35221	0.275067884592
5	212	0.12413	0.138859321807
4	213	0.0027946	0.047457088741
3	214	0.0805637	0.105497087817
7	215	0.958376	0.344939831648
4	220	4.67176	0.100421188212
4	221	0.282525	0.077817935891
3	157	0.169172	0.284029985177
3	222	1.6414	0.338183064346
3	231	1.19586	0.317938334898
4	232	2.28956	0.287801745402
3	233	0.445397	0.210495255432
6	235	0.741747	0.100803555871
3	239	0.0313145	0.0487233949671
3	252	1.20975	0.240011814962
6	257	7.30015	0.247745353346
3	264	0.0588555	0.0464222723285
3	268	0.373008	0.192409682743
4	158	0.765291	0.165197951488
5	271	0.109484	0.128041612279
5	275	0.140032	0.0370302874817
6	276	0.0161338	0.109806341212
5	277	0.731083	0.0854729293256
5	279	0.0326103	0.0963787334104
3	280	0.822206	0.28407288223
4	281	0.487697	0.152942162301
4	283	0.509411	0.14662243853
4	284	0.0177872	0.144799879754
5	285	0.273429	0.131180811717
7	160	1.36857	0.235105363821
3	287	0.632543	0.235123681481
4	288	0.771362	0.165374258063
3	290	5.75768	0.0968462757901
5	291	0.328111	0.108224264364
6	293	1.16228	0.254572055877
4	297	0.396782	0.0474526656235
3	298	0.0151235	0.0861532231079
6	300	0.0476829	0.255415521537
5	318	0.535283	0.27336142378
4	320	0.558719	0.155335205661
4	161	2.8791	0.228554219576
4	322	9999.15	0.177924395414
6	324	0.0947711	0.225399861815
3	326	0.109567	0.249228948913
5	327	0.0287067	0.308560350022
5	329	4.95288	0.0425125707091
7	330	7.01114	0.0197900350177
6	334	1.11246	0.224435173411
3	337	0.29	0.137858688677
3	338	1.2654	0.256493990442
5	342	1.1136	0.258613739922
4	162	1.13303	0.237946338681
6	345	1.35751	0.367699836514
6	346	0.671117	0.12755999571
5	349	0.088138	0.0576416176639
5	353	0.041178	0.101136588227
7	356	0.0414539	0.150296902489
7	360	0.633004	0.232194719849
6	362	0.00209884	0.0389847385318
5	363	0.162919	0.0698263324246
6	364	0.0600542	0.166875206464
5	369	0.00662844	0.183625549292
3	164	0.231338	0.144300838479
7	370	0.950885	0.246173205374
7	371	1.94016	0.307109653332
5	372	74.1128	0.151019110327
4	373	0.0406454	0.128681982044
6	374	0.176616	0.119336917841
4	384	0.57249	0.317442545974
7	386	0.188928	0.141715634903
7	387	0.0641625	0.0834621777884
6	389	0.000157443	0.219412891236
6	408	0.00811046	0.138914707927
3	165	0.939624	0.414905928525
3	419	0.0413428	0.112567887691
3	420	0.802319	0.282095859404
5	441	0.616932	0.371317689096
5	442	0.93353	0.393447662592
7	466	1.55507	0.275266384409
4	529	0.671072	0.229458475307
5	563	0.306471	0.263932012982
3	566	0.388521	0.229734424884
3	567	2.0143	0.261286365521
4	573	1.20805	0.374414343821
5	166	3.53796	0.214862297049
6	389	0.000157443	0.219412891236
