numaa	col	hyphy	derived
6	134	1.82203	0.380501496855
3	574	0.00470092	0.211721910249
4	576	6.27943	0.151113776346
4	593	1.75361	0.30055301558
5	607	0.750257	0.32133429921
5	610	0.231038	0.272871410053
4	612	0.00853874	0.0941079223311
5	613	0.350235	0.105920303656
6	616	0.0854331	0.120346409937
5	617	0.369928	0.133462884595
4	618	0.0315029	0.0807908636116
5	167	0.231766	0.0923428790882
3	620	0.000288743	0.131956391997
5	636	0.0180706	0.112711915684
5	637	0.256431	0.339170836625
3	638	0.00611314	0.0928081285507
3	641	0.915898	0.127807080829
4	645	0.00228549	0.0342982173193
3	649	0.424197	0.118911674306
4	652	0.000260966	0.0888187280437
3	653	7.16319	0.0399080336746
3	655	2.30674	0.277606920386
4	168	0.100344	0.0268705475152
3	656	1.39847	0.231337015803
5	659	0.887934	0.0638438418577
5	664	0.00802477	0.195539757343
4	169	1.52711	0.265679375334
3	172	1.07773	0.294930879432
7	175	0.768144	0.249993139239
3	179	2.10924	0.166407810237
4	182	0.414874	0.120690694104
3	183	0.726963	0.352222137742
4	185	0.453038	0.112763777895
5	186	0.108868	0.0467884250243
5	155	0.137199	0.347519069056
5	188	2.91564	0.196943220247
4	200	1.16993	0.110472431325
3	207	2.97687	0.180810540281
3	208	1.21903	0.275067884592
5	212	0.114364	0.138859321807
4	213	0.00229615	0.047457088741
3	214	0.0854227	0.105497087817
7	215	0.914912	0.344939831648
4	220	4.20617	0.100421188212
4	221	0.24473	0.077817935891
3	157	0.138405	0.284029985177
3	222	1.57965	0.338183064346
3	231	1.21111	0.317938334898
4	232	2.26973	0.287801745402
3	233	0.410944	0.210495255432
6	235	0.803514	0.100803555871
3	239	0.0800774	0.0487233949671
3	252	1.14437	0.240011814962
6	257	0.237107	0.247745353346
3	264	0.0636889	0.0464222723285
3	268	0.371134	0.192409682743
4	158	0.774757	0.165197951488
5	271	0.127503	0.128041612279
5	275	0.120557	0.0370302874817
6	276	0.0133524	0.109806341212
5	277	0.768359	0.0854729293256
5	279	0.12269	0.0963787334104
3	280	0.718107	0.28407288223
4	281	0.490119	0.152942162301
4	283	0.510483	0.14662243853
4	284	0.0050393	0.144799879754
5	285	2.3623	0.131180811717
7	160	1.28432	0.235105363821
3	287	0.63294	0.235123681481
4	288	0.708817	0.165374258063
3	290	4.13801	0.0968462757901
5	291	0.31544	0.108224264364
6	293	1.11312	0.254572055877
4	297	0.520275	0.0474526656235
3	298	0.0241292	0.0861532231079
6	300	0.0670699	0.255415521537
5	318	0.385917	0.27336142378
4	320	0.765641	0.155335205661
4	161	2.92922	0.228554219576
4	322	0.0595043	0.177924395414
6	324	0.06994	0.225399861815
3	326	0.00541005	0.249228948913
5	327	0.546434	0.308560350022
5	329	1.9982	0.0425125707091
7	330	6.8894	0.0197900350177
6	334	0.759494	0.224435173411
3	337	0.285921	0.137858688677
3	338	1.36963	0.256493990442
5	342	1.05435	0.258613739922
4	162	1.29869	0.237946338681
6	345	1.47415	0.367699836514
6	346	0.735189	0.12755999571
5	349	0.164043	0.0576416176639
5	353	0.039132	0.101136588227
7	356	0.0440443	0.150296902489
7	360	0.714788	0.232194719849
6	362	0.0019932	0.0389847385318
5	363	0.121898	0.0698263324246
6	364	0.0639591	0.166875206464
5	369	2.25993	0.183625549292
3	164	0.212357	0.144300838479
7	370	1.09702	0.246173205374
7	371	1.94178	0.307109653332
5	372	0.925181	0.151019110327
4	373	0.944077	0.128681982044
6	374	0.141342	0.119336917841
4	384	0.733938	0.317442545974
7	386	0.232303	0.141715634903
7	387	0.0270995	0.0834621777884
6	389	0.000173597	0.219412891236
6	408	0.107136	0.138914707927
3	165	0.829574	0.414905928525
3	419	0.030345	0.112567887691
3	420	0.830105	0.282095859404
5	441	0.91216	0.371317689096
5	442	0.729439	0.393447662592
7	466	1.36241	0.275266384409
4	529	0.52443	0.229458475307
5	563	0.332568	0.263932012982
3	566	0.324687	0.229734424884
3	567	2.22665	0.261286365521
4	573	0.935417	0.374414343821
5	166	3.29655	0.214862297049
6	389	0.000173597	0.219412891236
