numaa	col	hyphy	derived
6	134	1.88171	0.380501496855
3	574	7.7078	0.211721910249
4	576	0.0138094	0.151113776346
4	593	1.868	0.30055301558
5	607	0.805089	0.32133429921
5	610	0.183182	0.272871410053
4	612	0.0102961	0.0941079223311
5	613	0.402334	0.105920303656
6	616	0.089597	0.120346409937
5	617	0.291543	0.133462884595
4	618	0.00840412	0.0807908636116
5	167	0.441019	0.0923428790882
3	620	0.00200673	0.131956391997
5	636	0.000222429	0.112711915684
5	637	0.158613	0.339170836625
3	638	0.0074308	0.0928081285507
3	641	0.633807	0.127807080829
4	645	0.000848037	0.0342982173193
3	649	0.299564	0.118911674306
4	652	0.174988	0.0888187280437
3	653	0.0589741	0.0399080336746
3	655	2.0248	0.277606920386
4	168	0.132517	0.0268705475152
3	656	1.19131	0.231337015803
5	659	1.1808	0.0638438418577
5	664	0.0128416	0.195539757343
4	169	1.58763	0.265679375334
3	172	0.903535	0.294930879432
7	175	0.715165	0.249993139239
3	179	1.38153	0.166407810237
4	182	0.234524	0.120690694104
3	183	0.779803	0.352222137742
4	185	0.263132	0.112763777895
5	186	0.00102434	0.0467884250243
5	155	1.01431	0.347519069056
5	188	911.14	0.196943220247
4	200	0.00111376	0.110472431325
3	207	3.47731	0.180810540281
3	208	1.47353	0.275067884592
5	212	0.0951319	0.138859321807
4	213	0.00279283	0.047457088741
3	214	0.263439	0.105497087817
7	215	0.974554	0.344939831648
4	220	25.0032	0.100421188212
4	221	0.267466	0.077817935891
3	157	0.195306	0.284029985177
3	222	1.63556	0.338183064346
3	231	1.03995	0.317938334898
4	232	2.29464	0.287801745402
3	233	0.454242	0.210495255432
6	235	0.748477	0.100803555871
3	239	0.0103085	0.0487233949671
3	252	1.34081	0.240011814962
6	257	0.231896	0.247745353346
3	264	0.00878139	0.0464222723285
3	268	0.335766	0.192409682743
4	158	0.721744	0.165197951488
5	271	0.0278152	0.128041612279
5	275	2.04583	0.0370302874817
6	276	0.0136383	0.109806341212
5	277	0.577491	0.0854729293256
5	279	0.214942	0.0963787334104
3	280	0.788475	0.28407288223
4	281	0.606123	0.152942162301
4	283	0.464705	0.14662243853
4	284	0.00391362	0.144799879754
5	285	2.18646	0.131180811717
7	160	1.41494	0.235105363821
3	287	0.657077	0.235123681481
4	288	0.825476	0.165374258063
3	290	0.00273551	0.0968462757901
5	291	0.317104	0.108224264364
6	293	1.37612	0.254572055877
4	297	0.496956	0.0474526656235
3	298	0.0132865	0.0861532231079
6	300	0.583846	0.255415521537
5	318	1.48216	0.27336142378
4	320	0.0964773	0.155335205661
4	161	3.00886	0.228554219576
4	322	21.1822	0.177924395414
6	324	38.334	0.225399861815
3	326	0.0037345	0.249228948913
5	327	0.511866	0.308560350022
5	329	0.00274487	0.0425125707091
7	330	0.000158654	0.0197900350177
6	334	1.13916	0.224435173411
3	337	0.318367	0.137858688677
3	338	1.5159	0.256493990442
5	342	1.09785	0.258613739922
4	162	1.37075	0.237946338681
6	345	1.48165	0.367699836514
6	346	0.717701	0.12755999571
5	349	0.0210698	0.0576416176639
5	353	0.000271767	0.101136588227
7	356	0.020614	0.150296902489
7	360	0.738097	0.232194719849
6	362	0.0045851	0.0389847385318
5	363	0.0375194	0.0698263324246
6	364	0.581651	0.166875206464
5	369	2286.04	0.183625549292
3	164	0.230633	0.144300838479
7	370	1.08168	0.246173205374
7	371	2.42991	0.307109653332
5	372	0.158028	0.151019110327
4	373	0.00864213	0.128681982044
6	374	0.20395	0.119336917841
4	384	0.466731	0.317442545974
7	386	0.386019	0.141715634903
7	387	0.1274	0.0834621777884
6	389	0.0634242	0.219412891236
6	408	0.0031954	0.138914707927
3	165	0.934684	0.414905928525
3	419	0.0311061	0.112567887691
3	420	0.773432	0.282095859404
5	441	0.708412	0.371317689096
5	442	0.97471	0.393447662592
7	466	0.910255	0.275266384409
4	529	0.778484	0.229458475307
5	563	0.390968	0.263932012982
3	566	0.401418	0.229734424884
3	567	13.2853	0.261286365521
4	573	0.823463	0.374414343821
5	166	3.41624	0.214862297049
